{
  "nbformat": 4,
  "nbformat_minor": 0,
  "metadata": {
    "colab": {
      "name": "IOR lab 3.ipynb",
      "provenance": [],
      "collapsed_sections": []
    },
    "kernelspec": {
      "name": "python3",
      "display_name": "Python 3"
    },
    "language_info": {
      "name": "python"
    }
  },
  "cells": [
    {
      "cell_type": "markdown",
      "source": [
        "# Лабораторная работа №3"
      ],
      "metadata": {
        "id": "2kRcYSzscFtg"
      }
    },
    {
      "cell_type": "markdown",
      "source": [
        "\n",
        "\n",
        "*   Генетика для рюкзака\n",
        "*   Генетика для коммивояжера \n",
        "\n"
      ],
      "metadata": {
        "id": "0unhrJkMcLNF"
      }
    },
    {
      "cell_type": "markdown",
      "source": [
        "# Импорты"
      ],
      "metadata": {
        "id": "fgoaYFTomaNo"
      }
    },
    {
      "cell_type": "code",
      "source": [
        "!pip install tsplib95"
      ],
      "metadata": {
        "colab": {
          "base_uri": "https://localhost:8080/"
        },
        "id": "_5JTpjlweNSw",
        "outputId": "61f7c091-f37c-476e-d8ca-f4847f294536"
      },
      "execution_count": null,
      "outputs": [
        {
          "output_type": "stream",
          "name": "stdout",
          "text": [
            "Looking in indexes: https://pypi.org/simple, https://us-python.pkg.dev/colab-wheels/public/simple/\n",
            "Collecting tsplib95\n",
            "  Downloading tsplib95-0.7.1-py2.py3-none-any.whl (25 kB)\n",
            "Requirement already satisfied: Click>=6.0 in /usr/local/lib/python3.7/dist-packages (from tsplib95) (7.1.2)\n",
            "Requirement already satisfied: tabulate~=0.8.7 in /usr/local/lib/python3.7/dist-packages (from tsplib95) (0.8.9)\n",
            "Requirement already satisfied: networkx~=2.1 in /usr/local/lib/python3.7/dist-packages (from tsplib95) (2.6.3)\n",
            "Collecting Deprecated~=1.2.9\n",
            "  Downloading Deprecated-1.2.13-py2.py3-none-any.whl (9.6 kB)\n",
            "Requirement already satisfied: wrapt<2,>=1.10 in /usr/local/lib/python3.7/dist-packages (from Deprecated~=1.2.9->tsplib95) (1.14.1)\n",
            "Installing collected packages: Deprecated, tsplib95\n",
            "Successfully installed Deprecated-1.2.13 tsplib95-0.7.1\n"
          ]
        }
      ]
    },
    {
      "cell_type": "code",
      "source": [
        "import random\n",
        "import numpy as np\n",
        "import tsplib95"
      ],
      "metadata": {
        "id": "QRDmtKqHmcLR"
      },
      "execution_count": null,
      "outputs": []
    },
    {
      "cell_type": "markdown",
      "source": [
        "# Парсим данные"
      ],
      "metadata": {
        "id": "sHTcMEAF7S9a"
      }
    },
    {
      "cell_type": "markdown",
      "source": [
        "## Для рюкзака"
      ],
      "metadata": {
        "id": "SWnN1MxPciLX"
      }
    },
    {
      "cell_type": "code",
      "source": [
        "from json import dump"
      ],
      "metadata": {
        "id": "5HeEutHeqDEj"
      },
      "execution_count": null,
      "outputs": []
    },
    {
      "cell_type": "code",
      "source": [
        "import requests"
      ],
      "metadata": {
        "id": "iY01m9cKqFqt"
      },
      "execution_count": null,
      "outputs": []
    },
    {
      "cell_type": "code",
      "source": [
        "base_url = 'https://people.sc.fsu.edu/~jburkardt/datasets/knapsack_01/'"
      ],
      "metadata": {
        "id": "OJlb6ysgqIkY"
      },
      "execution_count": null,
      "outputs": []
    },
    {
      "cell_type": "code",
      "source": [
        "html_page = requests.get(base_url + 'knapsack_01.html').content.decode('utf-8')"
      ],
      "metadata": {
        "id": "TFKgql3ZqHET"
      },
      "execution_count": null,
      "outputs": []
    },
    {
      "cell_type": "code",
      "source": [
        "from bs4 import BeautifulSoup\n",
        "soup = BeautifulSoup(html_page)"
      ],
      "metadata": {
        "id": "BPbO-IMRqKtF"
      },
      "execution_count": null,
      "outputs": []
    },
    {
      "cell_type": "code",
      "source": [
        "data_knap = {}"
      ],
      "metadata": {
        "id": "zij_f6SoqNS_"
      },
      "execution_count": null,
      "outputs": []
    },
    {
      "cell_type": "code",
      "source": [
        "for ul in soup.find_all('ul'):\n",
        "    for link in ul.find_all('a'):\n",
        "        link = link['href']\n",
        "        dataset_key = link.split('_')[0]\n",
        "        key = link.split('_')[1][0]\n",
        "        if not data_knap.get(dataset_key):\n",
        "            data_knap[dataset_key] = {}\n",
        "        data_knap[dataset_key][key] = [int(item) for item in requests.get(base_url + link).content.decode('utf-8').split('\\n') if item]\n",
        "    "
      ],
      "metadata": {
        "id": "_6PtPg3zqO3f"
      },
      "execution_count": null,
      "outputs": []
    },
    {
      "cell_type": "code",
      "source": [
        "del data_knap['p08']"
      ],
      "metadata": {
        "id": "4_WiqZIVqRdq"
      },
      "execution_count": null,
      "outputs": []
    },
    {
      "cell_type": "code",
      "source": [
        "data_knap"
      ],
      "metadata": {
        "colab": {
          "base_uri": "https://localhost:8080/"
        },
        "id": "iZy-HYwRhxuw",
        "outputId": "467f9599-8675-4536-f98a-adcbf9fb7ea0"
      },
      "execution_count": null,
      "outputs": [
        {
          "output_type": "execute_result",
          "data": {
            "text/plain": [
              "{'p01': {'c': [165],\n",
              "  'p': [92, 57, 49, 68, 60, 43, 67, 84, 87, 72],\n",
              "  's': [1, 1, 1, 1, 0, 1, 0, 0, 0, 0],\n",
              "  'w': [23, 31, 29, 44, 53, 38, 63, 85, 89, 82]},\n",
              " 'p02': {'c': [26],\n",
              "  'p': [24, 13, 23, 15, 16],\n",
              "  's': [0, 1, 1, 1, 0],\n",
              "  'w': [12, 7, 11, 8, 9]},\n",
              " 'p03': {'c': [190],\n",
              "  'p': [50, 50, 64, 46, 50, 5],\n",
              "  's': [1, 1, 0, 0, 1, 0],\n",
              "  'w': [56, 59, 80, 64, 75, 17]},\n",
              " 'p04': {'c': [50],\n",
              "  'p': [70, 20, 39, 37, 7, 5, 10],\n",
              "  's': [1, 0, 0, 1, 0, 0, 0],\n",
              "  'w': [31, 10, 20, 19, 4, 3, 6]},\n",
              " 'p05': {'c': [104],\n",
              "  'p': [350, 400, 450, 20, 70, 8, 5, 5],\n",
              "  's': [1, 0, 1, 1, 1, 0, 1, 1],\n",
              "  'w': [25, 35, 45, 5, 25, 3, 2, 2]},\n",
              " 'p06': {'c': [170],\n",
              "  'p': [442, 525, 511, 593, 546, 564, 617],\n",
              "  's': [0, 1, 0, 1, 0, 0, 1],\n",
              "  'w': [41, 50, 49, 59, 55, 57, 60]},\n",
              " 'p07': {'c': [750],\n",
              "  'p': [135,\n",
              "   139,\n",
              "   149,\n",
              "   150,\n",
              "   156,\n",
              "   163,\n",
              "   173,\n",
              "   184,\n",
              "   192,\n",
              "   201,\n",
              "   210,\n",
              "   214,\n",
              "   221,\n",
              "   229,\n",
              "   240],\n",
              "  's': [1, 0, 1, 0, 1, 0, 1, 1, 1, 0, 0, 0, 0, 1, 1],\n",
              "  'w': [70, 73, 77, 80, 82, 87, 90, 94, 98, 106, 110, 113, 115, 118, 120]}}"
            ]
          },
          "metadata": {},
          "execution_count": 11
        }
      ]
    },
    {
      "cell_type": "markdown",
      "source": [
        "## Для коммивояжера"
      ],
      "metadata": {
        "id": "H_pZF-KTctfQ"
      }
    },
    {
      "cell_type": "code",
      "source": [
        "!wget http://comopt.ifi.uni-heidelberg.de/software/TSPLIB95/tsp/a280.tsp.gz\n",
        "!wget http://comopt.ifi.uni-heidelberg.de/software/TSPLIB95/tsp/att48.tsp.gz\n",
        "!wget http://comopt.ifi.uni-heidelberg.de/software/TSPLIB95/tsp/bays29.tsp.gz\n",
        "!wget http://comopt.ifi.uni-heidelberg.de/software/TSPLIB95/tsp/fl417.tsp.gz\n",
        "!wget http://comopt.ifi.uni-heidelberg.de/software/TSPLIB95/tsp/ch150.tsp.gz\n",
        "!wget http://comopt.ifi.uni-heidelberg.de/software/TSPLIB95/tsp/gr17.tsp.gz\n",
        "!gzip -d *.gz"
      ],
      "metadata": {
        "colab": {
          "base_uri": "https://localhost:8080/"
        },
        "id": "2k-kbcqScld6",
        "outputId": "977247e3-90c7-4ff4-e996-708b62086d24"
      },
      "execution_count": null,
      "outputs": [
        {
          "output_type": "stream",
          "name": "stdout",
          "text": [
            "--2022-06-06 07:48:47--  http://comopt.ifi.uni-heidelberg.de/software/TSPLIB95/tsp/a280.tsp.gz\n",
            "Resolving comopt.ifi.uni-heidelberg.de (comopt.ifi.uni-heidelberg.de)... 129.206.106.221\n",
            "Connecting to comopt.ifi.uni-heidelberg.de (comopt.ifi.uni-heidelberg.de)|129.206.106.221|:80... connected.\n",
            "HTTP request sent, awaiting response... 200 OK\n",
            "Length: 1331 (1.3K) [application/octet-stream]\n",
            "Saving to: ‘a280.tsp.gz’\n",
            "\n",
            "a280.tsp.gz         100%[===================>]   1.30K  --.-KB/s    in 0s      \n",
            "\n",
            "2022-06-06 07:48:50 (14.6 MB/s) - ‘a280.tsp.gz’ saved [1331/1331]\n",
            "\n",
            "--2022-06-06 07:48:50--  http://comopt.ifi.uni-heidelberg.de/software/TSPLIB95/tsp/att48.tsp.gz\n",
            "Resolving comopt.ifi.uni-heidelberg.de (comopt.ifi.uni-heidelberg.de)... 129.206.106.221\n",
            "Connecting to comopt.ifi.uni-heidelberg.de (comopt.ifi.uni-heidelberg.de)|129.206.106.221|:80... connected.\n",
            "HTTP request sent, awaiting response... 200 OK\n",
            "Length: 480 [application/octet-stream]\n",
            "Saving to: ‘att48.tsp.gz’\n",
            "\n",
            "att48.tsp.gz        100%[===================>]     480  --.-KB/s    in 0s      \n",
            "\n",
            "2022-06-06 07:48:50 (94.3 MB/s) - ‘att48.tsp.gz’ saved [480/480]\n",
            "\n",
            "--2022-06-06 07:48:50--  http://comopt.ifi.uni-heidelberg.de/software/TSPLIB95/tsp/bays29.tsp.gz\n",
            "Resolving comopt.ifi.uni-heidelberg.de (comopt.ifi.uni-heidelberg.de)... 129.206.106.221\n",
            "Connecting to comopt.ifi.uni-heidelberg.de (comopt.ifi.uni-heidelberg.de)|129.206.106.221|:80... connected.\n",
            "HTTP request sent, awaiting response... 200 OK\n",
            "Length: 1941 (1.9K) [application/octet-stream]\n",
            "Saving to: ‘bays29.tsp.gz’\n",
            "\n",
            "bays29.tsp.gz       100%[===================>]   1.90K  --.-KB/s    in 0s      \n",
            "\n",
            "2022-06-06 07:48:50 (25.5 MB/s) - ‘bays29.tsp.gz’ saved [1941/1941]\n",
            "\n",
            "--2022-06-06 07:48:50--  http://comopt.ifi.uni-heidelberg.de/software/TSPLIB95/tsp/fl417.tsp.gz\n",
            "Resolving comopt.ifi.uni-heidelberg.de (comopt.ifi.uni-heidelberg.de)... 129.206.106.221\n",
            "Connecting to comopt.ifi.uni-heidelberg.de (comopt.ifi.uni-heidelberg.de)|129.206.106.221|:80... connected.\n",
            "HTTP request sent, awaiting response... 200 OK\n",
            "Length: 2532 (2.5K) [application/octet-stream]\n",
            "Saving to: ‘fl417.tsp.gz’\n",
            "\n",
            "fl417.tsp.gz        100%[===================>]   2.47K  --.-KB/s    in 0s      \n",
            "\n",
            "2022-06-06 07:48:50 (279 MB/s) - ‘fl417.tsp.gz’ saved [2532/2532]\n",
            "\n",
            "--2022-06-06 07:48:50--  http://comopt.ifi.uni-heidelberg.de/software/TSPLIB95/tsp/ch150.tsp.gz\n",
            "Resolving comopt.ifi.uni-heidelberg.de (comopt.ifi.uni-heidelberg.de)... 129.206.106.221\n",
            "Connecting to comopt.ifi.uni-heidelberg.de (comopt.ifi.uni-heidelberg.de)|129.206.106.221|:80... connected.\n",
            "HTTP request sent, awaiting response... 200 OK\n",
            "Length: 2847 (2.8K) [application/octet-stream]\n",
            "Saving to: ‘ch150.tsp.gz’\n",
            "\n",
            "ch150.tsp.gz        100%[===================>]   2.78K  --.-KB/s    in 0s      \n",
            "\n",
            "2022-06-06 07:48:50 (474 MB/s) - ‘ch150.tsp.gz’ saved [2847/2847]\n",
            "\n",
            "--2022-06-06 07:48:50--  http://comopt.ifi.uni-heidelberg.de/software/TSPLIB95/tsp/gr17.tsp.gz\n",
            "Resolving comopt.ifi.uni-heidelberg.de (comopt.ifi.uni-heidelberg.de)... 129.206.106.221\n",
            "Connecting to comopt.ifi.uni-heidelberg.de (comopt.ifi.uni-heidelberg.de)|129.206.106.221|:80... connected.\n",
            "HTTP request sent, awaiting response... 200 OK\n",
            "Length: 461 [application/octet-stream]\n",
            "Saving to: ‘gr17.tsp.gz’\n",
            "\n",
            "gr17.tsp.gz         100%[===================>]     461  --.-KB/s    in 0s      \n",
            "\n",
            "2022-06-06 07:48:50 (91.1 MB/s) - ‘gr17.tsp.gz’ saved [461/461]\n",
            "\n"
          ]
        }
      ]
    },
    {
      "cell_type": "code",
      "source": [
        "problem1 = tsplib95.load('a280.tsp')\n",
        "test_1 = list(problem1.node_coords.values())\n",
        "print(test_1)"
      ],
      "metadata": {
        "colab": {
          "base_uri": "https://localhost:8080/"
        },
        "id": "hATU3A_cICFm",
        "outputId": "8dd55fde-528d-4de0-d44d-a595e9ddbe06"
      },
      "execution_count": null,
      "outputs": [
        {
          "output_type": "stream",
          "name": "stdout",
          "text": [
            "[[288, 149], [288, 129], [270, 133], [256, 141], [256, 157], [246, 157], [236, 169], [228, 169], [228, 161], [220, 169], [212, 169], [204, 169], [196, 169], [188, 169], [196, 161], [188, 145], [172, 145], [164, 145], [156, 145], [148, 145], [140, 145], [148, 169], [164, 169], [172, 169], [156, 169], [140, 169], [132, 169], [124, 169], [116, 161], [104, 153], [104, 161], [104, 169], [90, 165], [80, 157], [64, 157], [64, 165], [56, 169], [56, 161], [56, 153], [56, 145], [56, 137], [56, 129], [56, 121], [40, 121], [40, 129], [40, 137], [40, 145], [40, 153], [40, 161], [40, 169], [32, 169], [32, 161], [32, 153], [32, 145], [32, 137], [32, 129], [32, 121], [32, 113], [40, 113], [56, 113], [56, 105], [48, 99], [40, 99], [32, 97], [32, 89], [24, 89], [16, 97], [16, 109], [8, 109], [8, 97], [8, 89], [8, 81], [8, 73], [8, 65], [8, 57], [16, 57], [8, 49], [8, 41], [24, 45], [32, 41], [32, 49], [32, 57], [32, 65], [32, 73], [32, 81], [40, 83], [40, 73], [40, 63], [40, 51], [44, 43], [44, 35], [44, 27], [32, 25], [24, 25], [16, 25], [16, 17], [24, 17], [32, 17], [44, 11], [56, 9], [56, 17], [56, 25], [56, 33], [56, 41], [64, 41], [72, 41], [72, 49], [56, 49], [48, 51], [56, 57], [56, 65], [48, 63], [48, 73], [56, 73], [56, 81], [48, 83], [56, 89], [56, 97], [104, 97], [104, 105], [104, 113], [104, 121], [104, 129], [104, 137], [104, 145], [116, 145], [124, 145], [132, 145], [132, 137], [140, 137], [148, 137], [156, 137], [164, 137], [172, 125], [172, 117], [172, 109], [172, 101], [172, 93], [172, 85], [180, 85], [180, 77], [180, 69], [180, 61], [180, 53], [172, 53], [172, 61], [172, 69], [172, 77], [164, 81], [148, 85], [124, 85], [124, 93], [124, 109], [124, 125], [124, 117], [124, 101], [104, 89], [104, 81], [104, 73], [104, 65], [104, 49], [104, 41], [104, 33], [104, 25], [104, 17], [92, 9], [80, 9], [72, 9], [64, 21], [72, 25], [80, 25], [80, 25], [80, 41], [88, 49], [104, 57], [124, 69], [124, 77], [132, 81], [140, 65], [132, 61], [124, 61], [124, 53], [124, 45], [124, 37], [124, 29], [132, 21], [124, 21], [120, 9], [128, 9], [136, 9], [148, 9], [162, 9], [156, 25], [172, 21], [180, 21], [180, 29], [172, 29], [172, 37], [172, 45], [180, 45], [180, 37], [188, 41], [196, 49], [204, 57], [212, 65], [220, 73], [228, 69], [228, 77], [236, 77], [236, 69], [236, 61], [228, 61], [228, 53], [236, 53], [236, 45], [228, 45], [228, 37], [236, 37], [236, 29], [228, 29], [228, 21], [236, 21], [252, 21], [260, 29], [260, 37], [260, 45], [260, 53], [260, 61], [260, 69], [260, 77], [276, 77], [276, 69], [276, 61], [276, 53], [284, 53], [284, 61], [284, 69], [284, 77], [284, 85], [284, 93], [284, 101], [288, 109], [280, 109], [276, 101], [276, 93], [276, 85], [268, 97], [260, 109], [252, 101], [260, 93], [260, 85], [236, 85], [228, 85], [228, 93], [236, 93], [236, 101], [228, 101], [228, 109], [228, 117], [228, 125], [220, 125], [212, 117], [204, 109], [196, 101], [188, 93], [180, 93], [180, 101], [180, 109], [180, 117], [180, 125], [196, 145], [204, 145], [212, 145], [220, 145], [228, 145], [236, 145], [246, 141], [252, 125], [260, 129], [280, 133]]\n"
          ]
        }
      ]
    },
    {
      "cell_type": "code",
      "source": [
        "# import tsplib95\n",
        "# problem1 = tsplib95.load('a280.tsp')\n",
        "# test_1 = list(problem1.node_coords)\n",
        "# print(test_1)\n",
        "\n",
        "problem2 = tsplib95.load('att48.tsp')\n",
        "test_2 = list(problem2.node_coords.values())\n",
        "print(test_2)\n",
        "\n",
        "problem3 = tsplib95.load('bays29.tsp')\n",
        "test_3 = list(problem3.as_name_dict().get('edge_weights'))\n",
        "print(test_3)\n",
        "\n",
        "problem4 = tsplib95.load('fl417.tsp')\n",
        "test_4 = list(problem4.node_coords.values())\n",
        "print(test_4)\n",
        "\n",
        "problem5 = tsplib95.load('ch150.tsp')\n",
        "test_5 = list(problem5.node_coords.values())\n",
        "print(test_5)\n",
        "\n",
        "problem6 = tsplib95.load('gr17.tsp')\n",
        "test_6 = list(problem3.as_name_dict().get('display_data').values())\n",
        "print(test_6)"
      ],
      "metadata": {
        "colab": {
          "base_uri": "https://localhost:8080/"
        },
        "id": "ya97esDOcWAB",
        "outputId": "e50f228e-b431-495b-a442-0e295efaaaf8"
      },
      "execution_count": null,
      "outputs": [
        {
          "output_type": "stream",
          "name": "stdout",
          "text": [
            "[[6734, 1453], [2233, 10], [5530, 1424], [401, 841], [3082, 1644], [7608, 4458], [7573, 3716], [7265, 1268], [6898, 1885], [1112, 2049], [5468, 2606], [5989, 2873], [4706, 2674], [4612, 2035], [6347, 2683], [6107, 669], [7611, 5184], [7462, 3590], [7732, 4723], [5900, 3561], [4483, 3369], [6101, 1110], [5199, 2182], [1633, 2809], [4307, 2322], [675, 1006], [7555, 4819], [7541, 3981], [3177, 756], [7352, 4506], [7545, 2801], [3245, 3305], [6426, 3173], [4608, 1198], [23, 2216], [7248, 3779], [7762, 4595], [7392, 2244], [3484, 2829], [6271, 2135], [4985, 140], [1916, 1569], [7280, 4899], [7509, 3239], [10, 2676], [6807, 2993], [5185, 3258], [3023, 1942]]\n",
            "[[0, 107, 241, 190, 124, 80, 316, 76, 152, 157, 283, 133, 113, 297, 228, 129, 348, 276, 188, 150, 65, 341, 184, 67, 221, 169, 108, 45, 167], [107, 0, 148, 137, 88, 127, 336, 183, 134, 95, 254, 180, 101, 234, 175, 176, 265, 199, 182, 67, 42, 278, 271, 146, 251, 105, 191, 139, 79], [241, 148, 0, 374, 171, 259, 509, 317, 217, 232, 491, 312, 280, 391, 412, 349, 422, 356, 355, 204, 182, 435, 417, 292, 424, 116, 337, 273, 77], [190, 137, 374, 0, 202, 234, 222, 192, 248, 42, 117, 287, 79, 107, 38, 121, 152, 86, 68, 70, 137, 151, 239, 135, 137, 242, 165, 228, 205], [124, 88, 171, 202, 0, 61, 392, 202, 46, 160, 319, 112, 163, 322, 240, 232, 314, 287, 238, 155, 65, 366, 300, 175, 307, 57, 220, 121, 97], [80, 127, 259, 234, 61, 0, 386, 141, 72, 167, 351, 55, 157, 331, 272, 226, 362, 296, 232, 164, 85, 375, 249, 147, 301, 118, 188, 60, 185], [316, 336, 509, 222, 392, 386, 0, 233, 438, 254, 202, 439, 235, 254, 210, 187, 313, 266, 154, 282, 321, 298, 168, 249, 95, 437, 190, 314, 435], [76, 183, 317, 192, 202, 141, 233, 0, 213, 188, 272, 193, 131, 302, 233, 98, 344, 289, 177, 216, 141, 346, 108, 57, 190, 245, 43, 81, 243], [152, 134, 217, 248, 46, 72, 438, 213, 0, 206, 365, 89, 209, 368, 286, 278, 360, 333, 284, 201, 111, 412, 321, 221, 353, 72, 266, 132, 111], [157, 95, 232, 42, 160, 167, 254, 188, 206, 0, 159, 220, 57, 149, 80, 132, 193, 127, 100, 28, 95, 193, 241, 131, 169, 200, 161, 189, 163], [283, 254, 491, 117, 319, 351, 202, 272, 365, 159, 0, 404, 176, 106, 79, 161, 165, 141, 95, 187, 254, 103, 279, 215, 117, 359, 216, 308, 322], [133, 180, 312, 287, 112, 55, 439, 193, 89, 220, 404, 0, 210, 384, 325, 279, 415, 349, 285, 217, 138, 428, 310, 200, 354, 169, 241, 112, 238], [113, 101, 280, 79, 163, 157, 235, 131, 209, 57, 176, 210, 0, 186, 117, 75, 231, 165, 81, 85, 92, 230, 184, 74, 150, 208, 104, 158, 206], [297, 234, 391, 107, 322, 331, 254, 302, 368, 149, 106, 384, 186, 0, 69, 191, 59, 35, 125, 167, 255, 44, 309, 245, 169, 327, 246, 335, 288], [228, 175, 412, 38, 240, 272, 210, 233, 286, 80, 79, 325, 117, 69, 0, 122, 122, 56, 56, 108, 175, 113, 240, 176, 125, 280, 177, 266, 243], [129, 176, 349, 121, 232, 226, 187, 98, 278, 132, 161, 279, 75, 191, 122, 0, 244, 178, 66, 160, 161, 235, 118, 62, 92, 277, 55, 155, 275], [348, 265, 422, 152, 314, 362, 313, 344, 360, 193, 165, 415, 231, 59, 122, 244, 0, 66, 178, 198, 286, 77, 362, 287, 228, 358, 299, 380, 319], [276, 199, 356, 86, 287, 296, 266, 289, 333, 127, 141, 349, 165, 35, 56, 178, 66, 0, 112, 132, 220, 79, 296, 232, 181, 292, 233, 314, 253], [188, 182, 355, 68, 238, 232, 154, 177, 284, 100, 95, 285, 81, 125, 56, 66, 178, 112, 0, 128, 167, 169, 179, 120, 69, 283, 121, 213, 281], [150, 67, 204, 70, 155, 164, 282, 216, 201, 28, 187, 217, 85, 167, 108, 160, 198, 132, 128, 0, 88, 211, 269, 159, 197, 172, 189, 182, 135], [65, 42, 182, 137, 65, 85, 321, 141, 111, 95, 254, 138, 92, 255, 175, 161, 286, 220, 167, 88, 0, 299, 229, 104, 236, 110, 149, 97, 108], [341, 278, 435, 151, 366, 375, 298, 346, 412, 193, 103, 428, 230, 44, 113, 235, 77, 79, 169, 211, 299, 0, 353, 289, 213, 371, 290, 379, 332], [184, 271, 417, 239, 300, 249, 168, 108, 321, 241, 279, 310, 184, 309, 240, 118, 362, 296, 179, 269, 229, 353, 0, 121, 162, 345, 80, 189, 342], [67, 146, 292, 135, 175, 147, 249, 57, 221, 131, 215, 200, 74, 245, 176, 62, 287, 232, 120, 159, 104, 289, 121, 0, 154, 220, 41, 93, 218], [221, 251, 424, 137, 307, 301, 95, 190, 353, 169, 117, 354, 150, 169, 125, 92, 228, 181, 69, 197, 236, 213, 162, 154, 0, 352, 147, 247, 350], [169, 105, 116, 242, 57, 118, 437, 245, 72, 200, 359, 169, 208, 327, 280, 277, 358, 292, 283, 172, 110, 371, 345, 220, 352, 0, 265, 178, 39], [108, 191, 337, 165, 220, 188, 190, 43, 266, 161, 216, 241, 104, 246, 177, 55, 299, 233, 121, 189, 149, 290, 80, 41, 147, 265, 0, 124, 263], [45, 139, 273, 228, 121, 60, 314, 81, 132, 189, 308, 112, 158, 335, 266, 155, 380, 314, 213, 182, 97, 379, 189, 93, 247, 178, 124, 0, 199], [167, 79, 77, 205, 97, 185, 435, 243, 111, 163, 322, 238, 206, 288, 243, 275, 319, 253, 281, 135, 108, 332, 342, 218, 350, 39, 263, 199, 0]]\n",
            "[[1025.7, 1971.3], [1161.67, 1965.39], [1191.23, 1959.49], [1167.59, 1959.49], [1096.64, 1959.49], [1102.56, 1953.58], [1090.73, 1953.58], [1019.79, 1953.58], [1232.62, 1941.77], [1043.44, 1941.77], [1238.53, 1935.87], [1167.59, 1935.87], [1132.11, 1935.87], [1268.09, 1929.96], [1244.44, 1929.96], [1067.08, 1929.96], [1179.41, 1924.06], [1049.35, 1924.06], [1037.53, 1924.06], [1126.2, 1918.15], [1090.73, 1918.15], [984.319, 1918.15], [1327.2, 1906.34], [1031.61, 1906.34], [996.143, 1906.34], [1049.35, 1900.44], [1185.32, 1894.53], [1114.38, 1894.53], [1315.38, 1882.72], [1291.73, 1882.72], [1078.91, 1882.72], [1013.88, 1876.82], [1735.12, 1746.91], [741.934, 1746.91], [1729.21, 1741.0], [736.022, 1741.0], [1522.3, 1723.29], [529.108, 1723.29], [1185.32, 1646.52], [1569.59, 1522.52], [576.403, 1522.52], [1149.85, 1445.75], [617.786, 1445.75], [1031.61, 1422.13], [1108.47, 1416.22], [753.758, 1416.22], [1031.61, 1410.32], [594.138, 1410.32], [759.67, 1398.51], [605.962, 1398.51], [753.758, 1274.5], [659.169, 1250.88], [1268.09, 1244.98], [594.138, 1244.98], [611.874, 1227.26], [1279.91, 1221.36], [659.169, 1156.4], [1226.7, 1002.87], [1149.85, 996.967], [1610.97, 973.347], [1037.53, 802.101], [1315.38, 796.196], [1114.38, 796.196], [1090.73, 796.196], [1274.0, 790.29], [1132.11, 790.29], [1108.47, 790.29], [1013.88, 790.29], [1268.09, 784.386], [1114.38, 784.386], [1031.61, 784.386], [1664.18, 778.481], [1238.53, 778.481], [1096.64, 778.481], [1049.35, 778.481], [978.407, 778.481], [1232.62, 772.576], [1185.32, 772.576], [1078.91, 772.576], [1055.26, 772.576], [1019.79, 772.576], [1214.88, 766.67], [1191.23, 766.67], [1167.59, 766.67], [1084.82, 766.67], [1073.0, 766.67], [1232.62, 760.765], [1161.67, 760.765], [1262.18, 754.861], [1250.35, 754.861], [1179.41, 754.861], [1025.7, 754.861], [1268.09, 748.955], [1244.44, 748.955], [1173.5, 748.955], [1132.11, 743.05], [1120.29, 743.05], [1019.79, 725.335], [996.143, 725.335], [1037.53, 719.43], [1002.05, 719.43], [1173.5, 559.994], [1610.97, 548.184], [1173.5, 548.184], [1220.79, 536.374], [1628.71, 2048.06], [1628.71, 2036.25], [1616.89, 2048.06], [1616.89, 2036.25], [1605.06, 2048.06], [1605.06, 2036.25], [1593.24, 2048.06], [1593.24, 2036.25], [1581.41, 2048.06], [1581.41, 2036.25], [1569.59, 2048.06], [1569.59, 2036.25], [1557.77, 2048.06], [1557.77, 2036.25], [1545.94, 2048.06], [1545.94, 2036.25], [1534.12, 2048.06], [1534.12, 2036.25], [1522.3, 2048.06], [1522.3, 2036.25], [1510.47, 2048.06], [1510.47, 2036.25], [1498.65, 2048.06], [1498.65, 2036.25], [1622.8, 2042.16], [1622.8, 2030.35], [1610.97, 2042.16], [1610.97, 2030.35], [1599.15, 2042.16], [1599.15, 2030.35], [1587.33, 2042.16], [1587.33, 2030.35], [1575.5, 2042.16], [1575.5, 2030.35], [1563.68, 2042.16], [1563.68, 2030.35], [1551.85, 2042.16], [1551.85, 2030.35], [1540.03, 2042.16], [1540.03, 2030.35], [1528.21, 2042.16], [1528.21, 2030.35], [1516.38, 2042.16], [1516.38, 2030.35], [1504.56, 2042.16], [1504.56, 2030.35], [1492.74, 2042.16], [1492.74, 2030.35], [647.346, 2048.06], [647.346, 2036.25], [635.522, 2048.06], [635.522, 2036.25], [623.699, 2048.06], [623.699, 2036.25], [611.875, 2048.06], [611.875, 2036.25], [600.051, 2048.06], [600.051, 2036.25], [588.228, 2048.06], [588.228, 2036.25], [576.404, 2048.06], [576.404, 2036.25], [564.581, 2048.06], [564.581, 2036.25], [552.757, 2048.06], [552.757, 2036.25], [540.933, 2048.06], [540.933, 2036.25], [529.109, 2048.06], [529.109, 2036.25], [517.286, 2048.06], [517.286, 2036.25], [641.434, 2042.16], [641.434, 2030.35], [629.611, 2042.16], [629.611, 2030.35], [617.787, 2042.16], [617.787, 2030.35], [605.963, 2042.16], [605.963, 2030.35], [594.14, 2042.16], [594.14, 2030.35], [582.316, 2042.16], [582.316, 2030.35], [570.492, 2042.16], [570.492, 2030.35], [558.669, 2042.16], [558.669, 2030.35], [546.845, 2042.16], [546.845, 2030.35], [535.022, 2042.16], [535.022, 2030.35], [523.198, 2042.16], [523.198, 2030.35], [511.374, 2042.16], [511.374, 2030.35], [1628.71, 170.262], [1628.71, 158.452], [1616.89, 170.262], [1616.89, 158.452], [1605.06, 170.262], [1605.06, 158.452], [1593.24, 170.262], [1593.24, 158.452], [1581.41, 170.262], [1581.41, 158.452], [1569.59, 170.262], [1569.59, 158.452], [1557.77, 170.262], [1557.77, 158.452], [1545.94, 170.262], [1545.94, 158.452], [1534.12, 170.262], [1534.12, 158.452], [1522.3, 170.262], [1522.3, 158.452], [1510.47, 170.262], [1510.47, 158.452], [1498.65, 170.262], [1498.65, 158.452], [1622.8, 164.357], [1622.8, 152.547], [1610.97, 164.357], [1610.97, 152.547], [1599.15, 164.357], [1599.15, 152.547], [1587.33, 164.357], [1587.33, 152.547], [1575.5, 164.357], [1575.5, 152.547], [1563.68, 164.357], [1563.68, 152.547], [1551.85, 164.357], [1551.85, 152.547], [1540.03, 164.357], [1540.03, 152.547], [1528.21, 164.357], [1528.21, 152.547], [1516.38, 164.357], [1516.38, 152.547], [1504.56, 164.357], [1504.56, 152.547], [1492.74, 164.357], [1492.74, 152.547], [647.346, 170.262], [647.346, 158.452], [635.522, 170.262], [635.522, 158.452], [623.699, 170.262], [623.699, 158.452], [611.875, 170.262], [611.875, 158.452], [600.051, 170.262], [600.051, 158.452], [588.228, 170.262], [588.228, 158.452], [576.404, 170.262], [576.404, 158.452], [564.581, 170.262], [564.581, 158.452], [552.757, 170.262], [552.757, 158.452], [540.933, 170.262], [540.933, 158.452], [529.109, 170.262], [529.109, 158.452], [517.286, 170.262], [517.286, 158.452], [641.434, 164.357], [641.434, 152.547], [629.611, 164.357], [629.611, 152.547], [617.787, 164.357], [617.787, 152.547], [605.963, 164.357], [605.963, 152.547], [594.14, 164.357], [594.14, 152.547], [582.316, 164.357], [582.316, 152.547], [570.492, 164.357], [570.492, 152.547], [558.669, 164.357], [558.669, 152.547], [546.845, 164.357], [546.845, 152.547], [535.022, 164.357], [535.022, 152.547], [523.198, 164.357], [523.198, 152.547], [511.374, 164.357], [511.374, 152.547], [1888.83, 2048.06], [1877.01, 2048.06], [1853.36, 2048.06], [1841.54, 2048.06], [1829.71, 2048.06], [1782.42, 2048.06], [1746.95, 2048.06], [1723.3, 2048.06], [1711.47, 2048.06], [1676.0, 2048.06], [1652.36, 2048.06], [907.466, 2048.06], [895.642, 2048.06], [871.994, 2048.06], [860.171, 2048.06], [848.347, 2048.06], [801.053, 2048.06], [765.581, 2048.06], [741.934, 2048.06], [730.111, 2048.06], [694.64, 2048.06], [670.992, 2048.06], [1871.09, 2042.16], [1800.15, 2042.16], [1776.51, 2042.16], [1752.86, 2042.16], [889.73, 2042.16], [818.788, 2042.16], [795.141, 2042.16], [771.494, 2042.16], [1877.01, 2036.25], [1853.36, 2036.25], [1841.54, 2036.25], [1746.95, 2036.25], [1723.3, 2036.25], [1699.65, 2036.25], [895.642, 2036.25], [871.994, 2036.25], [860.171, 2036.25], [765.581, 2036.25], [741.934, 2036.25], [718.287, 2036.25], [1894.74, 2030.35], [1871.09, 2030.35], [1859.27, 2030.35], [1823.8, 2030.35], [1811.98, 2030.35], [1800.15, 2030.35], [1776.51, 2030.35], [1764.68, 2030.35], [1752.86, 2030.35], [913.377, 2030.35], [889.73, 2030.35], [877.906, 2030.35], [842.435, 2030.35], [830.612, 2030.35], [818.788, 2030.35], [795.141, 2030.35], [783.317, 2030.35], [771.494, 2030.35], [1888.83, 170.261], [1877.01, 170.261], [1853.36, 170.261], [1841.54, 170.261], [1829.71, 170.261], [1782.42, 170.261], [1746.95, 170.261], [1723.3, 170.261], [1711.47, 170.261], [1676.0, 170.261], [1652.36, 170.261], [907.466, 170.261], [895.642, 170.261], [871.994, 170.261], [860.171, 170.261], [848.347, 170.261], [801.053, 170.261], [765.581, 170.261], [741.934, 170.261], [730.111, 170.261], [694.64, 170.261], [670.992, 170.261], [1871.09, 164.357], [1800.15, 164.357], [1776.51, 164.357], [1752.86, 164.357], [889.73, 164.357], [818.788, 164.357], [795.141, 164.357], [771.494, 164.357], [1877.01, 158.451], [1853.36, 158.451], [1841.54, 158.451], [1746.95, 158.451], [1723.3, 158.451], [1699.65, 158.451], [895.642, 158.451], [871.994, 158.451], [860.171, 158.451], [765.581, 158.451], [741.934, 158.451], [718.287, 158.451], [1894.74, 152.546], [1871.09, 152.546], [1859.27, 152.546], [1823.8, 152.546], [1811.98, 152.546], [1800.15, 152.546], [1776.51, 152.546], [1764.68, 152.546], [1752.86, 152.546], [913.377, 152.546], [889.73, 152.546], [877.906, 152.546], [842.435, 152.546], [830.612, 152.546], [818.788, 152.546], [795.141, 152.546], [783.317, 152.546], [771.494, 152.546]]\n",
            "[[37.4393516691, 541.2090699418], [612.1759508571, 494.3166877396], [38.1312338227, 353.1484581781], [53.4418081065, 131.484901365], [143.0606355347, 631.7200953923], [689.9451267256, 468.5354998742], [112.7478815786, 529.417757826], [141.4875865042, 504.818485571], [661.0513901702, 445.9375182115], [98.7899036592, 384.5926031158], [697.3881696597, 180.3962284275], [536.4894189738, 287.2279085051], [192.4067320507, 20.439405931], [282.7865258765, 229.8001556189], [240.8251726391, 281.51414372], [246.9281323057, 322.461332116], [649.7313216456, 62.3331575282], [352.96585626, 666.7873101942], [633.392367658, 534.9398453712], [488.311799404, 437.4869439948], [141.4039286509, 228.4325551488], [17.3632612602, 240.2407068508], [397.5586451389, 231.3591208928], [565.7853781464, 282.3858748974], [475.8975387047, 468.5392706317], [322.4224566559, 550.3165478233], [397.5586634023, 74.7588387765], [672.8618339396, 432.882640963], [571.2189680147, 530.261699153], [104.6531165914, 482.8224768783], [356.7098388794, 67.6477131712], [400.4070255527, 253.6794479997], [282.3036243109, 426.8380500923], [58.7766988363, 507.1712386832], [189.75062244, 460.3815233617], [659.9124120147, 226.6284156239], [639.0307636033, 467.2302300719], [415.0258357432, 233.3045376118], [547.2662016307, 161.6589278401], [616.6547902644, 339.3409309407], [494.8592427417, 148.1217856389], [629.9980812186, 433.4548164038], [471.101431241, 314.2219307579], [138.2440514421, 137.1679919735], [91.5847556724, 110.0203007516], [390.6972811808, 423.9774318385], [565.1617825137, 429.1598152874], [54.5248980387, 438.5515408431], [334.350832971, 153.796923804], [531.0291024509, 612.3874827889], [475.7345905802, 385.7844618897], [228.8325218994, 410.4461939615], [578.3805347586, 321.3303494537], [358.9170574485, 404.4670352898], [486.4648554867, 593.0429937016], [343.169370767, 509.3123571315], [530.3626972076, 137.6881275684], [498.8065475299, 576.2102674608], [224.31827155, 312.4677490415], [595.836073259, 81.8130051356], [661.5588724308, 217.0456944477], [43.6892045516, 305.4722789165], [79.465345253, 445.9641737689], [210.4163247004, 130.7151137038], [432.2642292251, 629.4092661116], [623.2487161301, 69.189285084], [436.5194739944, 282.935645607], [59.4163265482, 40.1280234442], [630.9230074073, 230.342988813], [579.3265539688, 601.0359410602], [117.862450748, 112.9796833705], [297.7912565664, 166.3131886803], [22.7642703744, 455.5340094037], [259.7095810385, 10.6199925885], [342.3579873647, 599.3880182608], [10.0260950143, 488.9310558282], [315.2926064118, 273.2275475579], [220.7044919297, 270.0819745721], [192.1186059948, 314.1839922798], [271.5042718992, 225.2921989972], [530.7320005441, 504.0670155337], [42.5331441666, 656.3645162886], [396.1274792588, 539.4648066027], [118.6631474021, 508.7129103929], [395.6913876595, 699.5376048429], [559.0157105844, 560.8866941411], [22.6471035906, 526.2470392816], [135.6377085256, 325.8409901555], [141.4507014379, 485.2477927763], [396.7741299332, 460.7557115283], [87.7494562765, 19.6170129082], [350.4245639661, 420.6531186835], [216.7010817133, 466.4816410995], [130.9237737024, 351.1491733079], [72.6329856671, 645.7852219213], [144.6002949996, 457.4224283926], [212.3725077442, 594.9216893413], [49.9186786455, 541.4350825349], [656.6943525585, 558.1109593509], [176.5941623792, 648.5239953299], [500.3825200226, 198.7428378322], [634.317867842, 612.8291643194], [59.7537372726, 551.6321886765], [15.2145765106, 143.0441928532], [283.0054378872, 376.4439530184], [146.5389000907, 39.4231794338], [101.8685605377, 635.098685018], [588.1968537448, 580.5946976921], [457.2628632528, 350.0164047376], [537.4663680494, 472.5842276692], [269.3669098585, 367.4763636538], [239.9045383695, 102.629765339], [88.4677500396, 384.0507209275], [658.9133693395, 583.9575181023], [97.7359146347, 157.4558657632], [506.6191384007, 233.0022156094], [500.2566898239, 64.9136393489], [594.4048565021, 275.874186899], [66.230814661, 24.1317387604], [598.4162993909, 414.5557574275], [172.308833083, 344.3963466366], [299.48128518, 251.829512132], [303.8379894831, 21.052606379], [197.896926984, 512.388896098], [56.0199567669, 243.0663818382], [255.5566183121, 448.8651882442], [608.4256112402, 222.5421309272], [70.2722703273, 77.9227026433], [398.2298999899, 119.557657386], [635.4970237093, 133.3225902609], [378.3484559418, 272.2907677147], [484.8029663388, 677.0730379436], [278.8710882619, 299.9308770828], [381.6537300653, 360.3337602785], [557.6070707573, 595.3185092281], [249.0589749342, 76.6595112599], [562.9048787838, 670.0382113114], [398.550436558, 392.6493259144], [590.893972056, 370.7414913742], [558.2008003726, 0.4198814512], [461.4114714423, 530.5254969413], [354.7242881504, 685.40453619], [193.6611295657, 669.7432521028], [352.3140807211, 140.3273323662], [308.434570974, 115.2054269847], [299.588137008, 530.588961902], [334.2748764383, 152.1494569394], [690.9658585947, 134.5793307203], [48.0798124069, 270.968067372], [91.6467647724, 166.3541158474]]\n",
            "[[1150.0, 1760.0], [630.0, 1660.0], [40.0, 2090.0], [750.0, 1100.0], [750.0, 2030.0], [1030.0, 2070.0], [1650.0, 650.0], [1490.0, 1630.0], [790.0, 2260.0], [710.0, 1310.0], [840.0, 550.0], [1170.0, 2300.0], [970.0, 1340.0], [510.0, 700.0], [750.0, 900.0], [1280.0, 1200.0], [230.0, 590.0], [460.0, 860.0], [1040.0, 950.0], [590.0, 1390.0], [830.0, 1770.0], [490.0, 500.0], [1840.0, 1240.0], [1260.0, 1500.0], [1280.0, 790.0], [490.0, 2130.0], [1460.0, 1420.0], [1260.0, 1910.0], [360.0, 1980.0]]\n"
          ]
        }
      ]
    },
    {
      "cell_type": "code",
      "source": [
        "problem3 = tsplib95.load('bays29.tsp')\n",
        "test_3 = list(problem3.as_name_dict().get('edge_weights'))\n",
        "print(test_3)"
      ],
      "metadata": {
        "colab": {
          "base_uri": "https://localhost:8080/"
        },
        "id": "Ra6mh_ogpXHR",
        "outputId": "b52769fe-5cec-4d97-bfc0-21c3e423458a"
      },
      "execution_count": null,
      "outputs": [
        {
          "output_type": "stream",
          "name": "stdout",
          "text": [
